0 0.006990 0.005728
1 0.000447 0.000373
2 0.000301 0.000241
3 0.000233 0.000186
4 0.000177 0.000150
5 0.000145 0.000123
6 0.000121 0.000102
7 0.000104 0.000087
8 0.000093 0.000078
9 0.000086 0.000072
10 0.000083 0.000069
11 0.000083 0.000069
12 0.000087 0.000071
13 0.000094 0.000076
14 0.000103 0.000083
15 0.000113 0.000091
16 0.000123 0.000099
17 0.000134 0.000107
18 0.000144 0.000114
19 0.000153 0.000121
20 0.000161 0.000126
21 0.000168 0.000130
22 0.000174 0.000134
23 0.000179 0.000137
24 0.000183 0.000140
25 0.000186 0.000142
26 0.000189 0.000144
27 0.000191 0.000145
28 0.000193 0.000146
29 0.000194 0.000147
30 0.000195 0.000147